1496996645476737024
1496998344706519040
1497004439198400512
1497005256114601984
1497006877808508928
1497008449930113024
1497008935072534528
1497009078966661120
1497011606764593152
1497012441112272896
1497012610465628160
1497018884435714048
1497021494211366912
1497022362596044800
1497023067515604992
1497023483871744000
1497023557297225728
1497024531512233984
1497028646627725312
1497033748290084864
1497033979995828224
1497034336721195008
1497035004538359808
1497035055075827712
1497035558274490368
1497035750554185728
1497036775763558400
1497039509359247360
1497041670801879040
1497043662253228032
1497045499739717632
1497052154028503040
1497062154410737664
1497066733274017792
1497071670175027200
1497074424444764160
1497080177968353280
1497080248596594688
1497082093461188608
1497083023644413952
1497083946563416064
1497084679622733824
1497085300962590720
1497086203383975936
1497086841631162368
1497087046522912768
1497088356533948416
1497090009240772608
1497092166362927104
1497094589362032640
1497094974365585408
1497096369710022656
1497096635704557568
1497096667975524352
1497096961647808512
1497097021357903872
1497097613463728128
1497097810147110912
1497098432850407424
1497099809039257600
1497101367890313216
1497102922043498496
1497103838322782208
1497105549909012480
1497108583892369408
1497110354710917120
1497110397459234816
1497114139579277312
1497114429133045760
1497114648373432320
1497114792737525760
1497116073673781248
1497116233728245760
1497116307497517056
1497116836067954688
1497118200261398528
1497118514745851904
1497119312628400128
1497119363924643840
1497119541561856000
1497119549916778496
1497119793924960256
1497120220007124992
1497120653295509504
1497120845097222144
1497121030170501120
1497123263398383616
1497123485855932416
1497123898256617472
1497124097070800896
1497124190721302528
1497124302386249728
1497124440106168320
1497126292101091328
1497126384443215872
1497129394141540352
1497130240921186304
1497133231778373632
1497133851268820992
1497135253940420608
1497136512856645632
1497137387629158400
1497138918789160960
1497140915345178624
1497142190069407744
1497142996462018560
1497143157083017216
1497143474130677760
1497146765396832256
1497147699216400384
1497149655460847616
1497151122644996096
1497151395320909824
1497151864369934336
1497152938287927296
1497154087862906880
1497154296697270272
1497154423612715008
1497154786273202176
1497155281461157888
1497155618993496064
1497156104081625088
1497156164282458112
1497156274886221824
1497158286633807872
1497158583892520960
1497161114232123392
1497162298028265472
1497163433149489152
1497165150134149120
1497165207881322496
1497166623681228800
1497166992343805952
1497170158892175360
1497170168325099520
1497170322579152896
1497171279715401728
1497173877302116352
1497175108644970496
1497181101068066816
1497181707828609024
1497185116162236416
1497185210571845632
1497185388011552768
1497185791868805120
1497186223164899328
1497186752054054912
1497186944442597376
1497187738973794304
1497188213634469888
1497188552714637312
1497188828578205696
1497189007037382656
1497189486945525760
1497189928618565632
1497190473886494720
1497192511877824512
1497192766857625600
1497192821551509504
1497193903359148032
1497194128920412160
1497194616730550272
1497196238135230464
1497196254773739520
1497196771529093120
1497197096092377088
1497197460560642048
1497198843397648384
1497198922036613120
1497199213536366592
1497199552159711232
1497199581796438016
1497199612444172288
1497200388629479424
1497202394270253056
1497207030288826368
1497207236816695296
1497208248931340288
1497210127661023232
1497210805166743552
1497210914063646720
1497213841452969984
1497213941944320000
1497215966429646848
1497216812034838528
1497218290371989504
1497219757744918528
1497220455186321408
1497221657915707392
1497222294481272832
1497225232846831616
1497225378829520896
1497229136414187520
1497229286356529152
1497230606937165824
1497230751552704512
1497231497832681472
1497232017989251072
1497232097681059840
1497233517788475392
1497233615612121088
1497234200730214400
1497234545438965760
1497234705728614400
1497236766486634496
1497236942957776896
1497236982002376704
1497237633583378432
1497238170743840768
1497238237680648192
1497238942164213760
1497238975899176960
1497240227705933824
1497240426494976000
1497240849549123584
1497241475440128000
1497241689160884224
1497242045140070400
1497242528399167488
1497244693872054272
1497245683702800384
1497245722802020352
1497247469104922624
1497248040310095872
1497248515541671936
1497248528015376384
1497250310770741248
1497251382901968896
1497251417760964608
1497252452604731392
1497252899298021376
1497253323006787584
1497253741044527104
1497254192037052416
1497254241467092992
1497254568929148928
1497254727989731328
1497256055327256576
1497258647319023616
1497259065998995456
1497260885466918912
1497261339399569408
1497261568077094912
1497261621701484544
1497261792619290624
1497263824956956672
1497266329593597952
1497268032560775168
1497268505447702528
1497268523063988224
1497268755398905856
1497268941948870656
1497269504124272640
1497270147605676032
1497270194997428224
1497270458693132288
1497270772603183104
1497272093679001600
1497272892521910272
1497274828511870976
1497276146584588288
1497276780058656768
1497277287384817664
1497277423712448512
1497277826969526272
1497278819916525568
1497279356888322048
1497280050063884288
1497282115158921216
1497283261223026688
1497287727641149440
1497290876862750720
1497291826079932416
1497293200632938496
1497294344155549696
1497295048697806848
1497296604067692544
1497296896192233472
1497297238921396224
1497303378309021696
1497304012026441728
1497304051905667072
1497304527891959808
1497304569847504896
1497304570644418560
1497304846332198912
1497305023302176768
1497305244555825152
1497305445005807616
1497305790759194624
1497306140786450432
1497307502429745152
1497309606137286656
1497312563779944448
1497314200846147584
1497318517296840704
1497318792346615808
1497319216336478208
1497321114418106368
1497322970360213504
1497323485126873088
1497324049932091392
1497328112417312768
1497328232722759680
1497332699236765696
1497332888878125056
1497334280837545984
1497342721530368000
1497342936425680896
1497343363837800448
1497348557724082176
1497349388720558080
1497351654944948224
1497354172013891584
1497356916661571584
1497357305637228544
1497357408129400832
1497360569623580672
1497360836704223232
1497362954085445632
1497365872159203328
1497366578454831104
1497366701557829632
1497366864736882688
1497368324019265536
1497368736835198976
1497369398663090176
1497369864687792128
1497370286748237824
1497371186908512256
1497371242256822272
1497371491113267200
1497372409942401024
1497377613710606336
1497378871909310464
1497380382609752064
1497381292710629376
1497382567103762432
1497383890432008192
1497384674850607104
1497386845273202688
1497387469347889152
1497388031644344320
1497389041792258048
1497391791435583488
1497392131467579392
1497394335020687360
1497394438892441600
1497397849826349056
1497398305394872320
1497398545812393984
1497401155277762560
1497402343520108544
1497403496202530816
1497403921014288384
1497404181199540224
1497405617669312512
1497406243052273664
1497410306225893376
1497411373193580544
1497413058360188928
1497414129744756736
1497415054186393600
1497415183144488960
1497415870112743424
1497416283683700736
1497421115551010816
1497421680179924992
1497422507456016384
1497422699538362368
1497423459525160960
1497423700299288576
1497424407295234048
1497425498443763712
1497428110542716928
1497428219959865344
1497428255259111424
1497430393234018304
1497430469360689152
1497435446984331264
1497436804387000320
1497437199737913344
1497437614693040128
1497438605165293568
1497439163469074432
1497439228057493504
1497440016280129536
1497441659235102720
1497442869262811136
1497442923973021696
1497443041317212160
1497443560542519296
1497445671879675904
1497445982442647552
1497448261329821696
1497448736540315648
1497449217329188864
1497452144454250496
1497453666206642176
1497454595265552384
1497456078669238272
1497456089062903808
1497456138203316224
1497456232248057856
1497456395712548864
1497456437567569920
1497456538797158400
1497456598918127616
1497456754451521536
1497456821740605440
1497457082752286720
1497457177941921792
1497457244601942016
1497457293465726976
1497457574978883584
1497457771582824448
1497458084037464064
1497458142518685696
1497459421399732224
1497459521446457344
1497459901630586880
1497460590272401408
1497460611998896128
1497461197968330752
1497461341468217344
1497461364960509952
1497462162293510144
1497462325812801536
1497464116214177792
1497464235831578624
1497466880155697152
1497466892616884224
1497466897759043584
1497467063308193792
1497467134145810432
1497470118548279296
1497471045334597632
1497471759704104960
1497472283283124224
1497472585881239552
1497474445811666944
1497476875588976640
1497477924794122240
1497477950458843136
1497478245758820352
1497478717085564928
1497479061764988928
1497479310214586368
1497479448723140608
1497480938606907392
1497481115279376384
1497483839165255680
1497485398595014656
1497485507969761280
1497486012603420672
1497486384386486272
1497487019282337792
1497487389303861248
1497490799105396736
1497492989312221184
1497495617622495232
1497497181032710144
1497497520817451008
1497497673271857152
1497497938498576384
1497498369899458560
1497499134697299968
1497499163071758336
1497500316350230528
1497501159032254464
1497501701573644288
1497502521555832832
1497503600884518912
1497504616350564352
1497505957919739904
1497506779365707776
1497507746404614144
1497508099850391552
1497508726214782976
1497508868657598464
1497509650811715584
1497510731230871552
1497511299533709312
1497511986854187008
1497512008488726528
1497512524081733632
1497512853519093760
1497515827305746432
1497516237189902336
1497516320811851776
1497517296029339648
1497517407694635008
1497517554813657088
1497517962210975744
1497519504917942272
1497519953657962496
1497520650000351232
1497521664740892672
1497522014025883648
1497522185703157760
1497522788592078848
1497523942785163264
1497524984692027392
1497525255367135232
1497525764551589888
1497525925629419520
1497526113781923840
1497526324272971776
1497526413871955968
1497526622165291008
1497526690553241600
1497526862477766656
1497528863701835776
1497529362530197504
1497529403948953600
1497529690159996928
1497529885509787648
1497530038148816896
1497530056842919936
1497531106358292480
1497531202588270592
1497531497401749504
1497532652324220928
1497532666140405760
1497532761636171776
1497532803214360576
1497533048455372800
1497533381403295744
1497533723893510144
1497533900435824640
1497534707973693440
1497535076657250304
1497535193187598336
1497535282345754624
1497535853136125952
1497536048905482240
1497536707117424640
1497537219233566720
1497537222853427200
1497538034400731136
1497539417199759360
1497539443338747904
1497539717314850816
1497540454740635648
1497541335225548800
1497542207447965696
1497542446900723712
1497543758061400064
1497544970651123712
1497546322550792192
1497546607536918528
1497547033540202496
1497547038904311808
1497548367269969920
1497548831952715776
1497549688744325120
1497550434533318656
1497550848532045824
1497551160915509248
1497551419016101888
1497552108895318016
1497553014810361856
1497553400908509184
1497554402227286016
1497554999307640832
1497555053695143936
1497555386525753344
1497555651186233344
1497556314670645248
1497556435798007808
1497557098099617792
1497558079939960832
1497558365911887872
1497558406881812480
1497558980163473408
1497559795636883456
1497560036050030592
1497560239926910976
1497560379639033856
1497561617436975104
1497561630099521536
1497561744767545344
1497562637676204032
1497564474181447680
1497564698044088320
1497564982040358912
1497565051653607424
1497567351444840448
1497570339823439872
1497570675346845696
1497570708020514816
1497571787659354112
1497571970891853824
1497572616877527040
1497574500539703296
1497574516985188352
1497574865410342912
1497576190848217088
1497576247886376960
1497576637512228864
1497577241496387584
1497577561064460288
1497578121133920256
1497579038197497856
1497579804106838016
1497580758680043520
1497580790665863168
1497581289838460928
1497581292778631168
1497582055063908352
1497582450452488192
1497584211766628352
1497585542552121344
1497587477397258240
1497587828527534080
1497588197941215232
1497588447200124928
1497588501633712128
1497588634286891008
1497589302363975680
1497589325080719360
1497590593563901952
1497591852765270016
1497592371671875584
1497592560168148992
1497595245340545024
1497596237927059456
1497596346244685824
1497598587475267584
1497600165619937280
1497600367957270528
1497601514709389312
1497602149986947072
1497602914302537728
1497603285624455168
1497603829386608640
1497604637200982016
1497605196985348096
1497605298462228480
1497606440755904512
1497606544837550080
1497607388416790528
1497607552678641664
1497609409547149312
1497609443843919872
1497611351803506688
1497612827162341376
1497613002262077440
1497616195264077824
1497616374537072640
1497617167348486144
1497617246860062720
1497617775740682240
1497618176259022848
1497618328138903552
1497618400775966720
1497618493730025472
1497618679818641408
1497619090147799040
1497619142731771904
1497619194589827072
1497619290031370240
1497619316459458560
1497620351714529280
1497620451421425664
1497620505997627392
1497620557474549760
1497620677456760832
1497620849997799424
1497622105214566400
1497622678349484032
1497623151370506240
1497623625226244096
1497623892093022208
1497624371871035392
1497625143522304000
1497625597048205312
1497626519157735424
1497627286329348096
1497627697941565440
1497628464656318464
1497629206129299456
1497631851258826752
1497632357817405440
1497632360883388416
1497632503443587072
1497632647849201664
1497634248206872576
1497634558484697088
1497634683743801344
1497635303720427520
1497635823432310784
1497637303845818368
1497638189628112896
1497638543648501760
1497638547678904320
1497638662808477696
1497638702691983360
1497638825614626816
1497639035891822592
1497639260056621056
1497641145257525248
1497642107598745600
1497642230047203328
1497642972308983808
1497643600389173248
1497645839988457472
1497646078988099584
1497646161150107648
1497647730826653696
1497649618917625856
1497652227502391296
1497652478757593088
1497654587968622592
1497656617445122048
1497657325137674240
1497657677421453312
1497657804827541504
1497658601799925760
1497659021595230208
1497659024212467712
1497659656029700096
1497660946533265408
1497661103362371584
1497661705253490688
1497662180505919488
1497663074869854208
1497663673426456576
1497664095629180928
1497664658194395136
1497664698195623936
1497665462867529728
1497665606946111488
1497666341284696064
1497666457924165632
1497667003619835904
1497667883152945152
1497669101908598784
1497670423412105216
1497671620365668352
1497671976491573248
1497676134284206080
1497679736193040384
1497679927021387776
1497680565335920640
1497681255885856768
1497681679976128512
1497682117827960832
1497682684981690368
1497684369741434880
1497684665766924288
1497686534060974080
1497687903123636224
1497688043058188288
1497688285363073024
1497688388572307456
1497689749477154816
1497691844645326848
1497692058168872960
1497693310613606400
1497694131744763904
1497694355335036928
1497694506048704512
1497696211868041216
1497696859913084928
1497698682451505152
1497699442488655872
1497699705887006720
1497699770512650240
1497699811977760768
1497701951722639360
1497702399502430208
1497702538799460352
1497703618484580352
1497704114293116928
1497704980618395648
1497705236433149952
1497705491878797312
1497705924433223680
1497708014354432000
1497708653021122560
1497709688535887872
1497714177732980736
1497715272379162624
1497715575891668992
1497717764563349504
1497718486734630912
1497720722545954816
1497724140433850368
1497732399756726272
1497733014369062912
1497733550728114176
1497734801771671552
1497735293192998912
1497736166837305344
1497736440851181568
1497737654363848704
1497739537275105280
1497745284562141184
1497745428145655808
1497746640018591744
1497748801159053312
1497749422515834880
1497752289653575680
1497756574454059008
1497760916422918144
1497761174879752192
1497761488505020416
1497761540497604608
1497762124982272000
1497764201577816064
1497765101369438208
1497765544593956864
1497765991715160064
1497767063645208576
1497769710359769088
1497770275890335744
1497773689709887488
1497776034195800064
1497777136626995200
1497777726777749504
1497780447811710976
1497780596805935104
1497781493166338048
1497782392484143104
1497782652073480192
1497787169443926016
1497788688037781504
1497789994240552960
1497790823936577536
1497791697291550720
1497793806325862400
1497794584176324608
1497794726434533376
1497795115586187264
1497795804668518400
1497795903083917312
1497795999749885952
1497796341208027136
1497796973214060544
1497798966343516160
1497799040129331200
1497801630456385536
1497801740350984192
1497802273086345216
1497802938261307392
1497805127452819456
1497805630559588352
1497805983334158336
1497806370313228288
1497806635162472448
1497806694943973376
1497806956194459648
1497807644010369024
1497807743952072704
1497809858875244544
1497809942044106752
1497810019806597120
1497810639368200192
1497811115295711232
1497812167663312896
1497812657449189376
1497813046873497600
1497813248950816768
1497814751920881664
1497814852852584448
1497814955349127168
1497815230528819200
1497816105603186688
1497816699210457088
1497816732945510400
1497817374652727296
1497817667947970560
1497817971724595200
1497818025650761728
1497818177383903232
1497819132502638592
1497819259153563648
1497819405434212352
1497819434060328960
1497821074435760128
1497821905361018880
1497823802587234304
1497823851832655872
1497824130262994944
1497824356797349888
1497824417547755520
1497825295969124352
1497825674790379520
1497825720730468352
1497825883129745408
1497826229495422976
1497826857844105216
1497827714434146304
1497828886746259456
1497828943721680896
1497829659391803392
1497830676376211456
1497831071626711040
1497831608615079936
1497831801636675584
1497832156273381376
1497833507887800320
1497833755003826176
1497833827594489856
1497834238904651776
1497834319984820224
1497834622406823936
1497834972002070528
1497835193142755328
1497836081605222400
1497836543209213952
1497836624553693184
1497837361421598720
1497837538500771840
1497837887810908160
1497838091708821504
1497838412702928896
1497838481707470848
1497838660057714688
1497838686058262528
1497838735257448448
1497838986315943936
1497839098479923200
1497839100203724800
1497839186434482176
1497839323835740160
1497839337228181504
1497839428252749824
1497839487799468032
1497839550235820032
1497839871968301056
1497839898925178880
1497839996761358336
1497840269986828288
1497840410785288192
1497840671591256064
1497841377224364032
1497841441829056512
1497842432599281664
1497842748136767488
1497843768128536576
1497843893114605568
1497843996206723072
1497844680163168256
1497845555644739584
1497847184708063232
1497847345878212608
1497847767682543616
1497847906811875328
1497847977553154048
1497848085787156480
1497848543175839744
1497848978003660800
1497849164100780032
1497849650535043072
1497850827297464320
1497851274305290240
1497851418132336640
1497851840112828416
1497852434093428736
1497852459489927168
1497853650684706816
1497853883678281728
1497854191519346688
1497854312227213312
1497854563373961216
1497855180209012736
1497857520416739328
1497857831613218816
1497858063709061120
1497859013005901824
1497859013194747904
1497859265893388288
1497860479208890368
1497861755212500992
1497862284407816192
1497862597185773568
1497862613757095936
1497863141970960384
1497863714946445312
1497863972573302784
1497864151242186752
1497864304766373888
1497864394549739520
1497864566042206208
1497864633499238400
1497864796917616640
1497864900827578368
1497866099995836416
1497866750700003328
1497867894625124352
1497868361342267392
1497868362218541056
1497869232570257408
1497870285508608000
1497870296593879040
1497870341674254336
1497871083025965056
1497871336802512896
1497871431421595648
1497871484961783808
1497872051687751680
1497872320307679232
1497873118232207360
1497873472025858048
1497873669091049472
1497873917553233920
1497874130967879680
1497874652391161856
1497874702261444608
1497874725590163456
1497877300368576512
1497880100393861120
1497881295313321984
1497881643612184576
1497883291336474624
1497884180566315008
1497884320584790016
1497884539984572416
1497886347612557312
1497887213400608768
1497888363407462400
1497889503096229888
1497889891140706304
1497891531323236352
1497892336201879552
1497893216623861760
1497894470087585792
1497895323737509888
1497895776382599168
1497896552773337088
1497896557873868800
1497896826812309504
1497897039304134656
1497897536421433344
1497898552273645568
1497898729659117568
1497899474496020480
1497899987916804096
1497900607125946368
1497900695122419712
1497900755138723840
1497900806745559040
1497901688283439104
1497902786998116352
1497904325116547072
1497904551860785152
1497904617417543680
1497904885102444544
1497905641993773056
1497905753344167936
1497906179707658240
1497906552900132864
1497906770890477568
1497906866411606016
1497907630530084864
1497908102456221696
1497909137279225856
1497909293550489600
1497909568172613632
1497912382756032512
1497912383989239808
1497913982115536896
1497914552926687232
1497914711861563392
1497915059359653888
1497918082316124160
1497918319269224448
1497919944356511744
1497920150569472000
1497923033629143040
1497925138074902528
1497926353252986880
1497928779158675456
1497928789669548032
1497931023862185984
1497931598653702144
1497931751817154560
1497932789777240064
1497932837806551040
1497932866092945408
1497933938722951168
1497934422980530176
1497934568829046784
1497935476749180928
1497935873555398656
1497936431800532992
1497937527801774080
1497938890379825152
1497939968001740800
1497940294544904192
1497940680303267840
1497941958245109760
1497941962992893952
1497942562098888704
1497943300061474816
1497944774317416448
1497945210856292352
1497945691926065152
1497946083632156672
1497948775880749056
1497951513330733056
1497951770533761024
1497954024502476800
1497954031242649600
1497954298751160320
1497956437745668096
1497957300278988800
1497958486860341248
1497959374928572416
1497960488818593792
1497962331594276864
1497963898502275072
1497964010532126720
1497964358915219456
1497964593796161536
1497966196154589184
1497967720930885632
1497968642213953536
1497969368751353856
1497970085499219968
1497970613880819712
1497972211109580800
1497972520829734912
1497973005363957760
1497973800738115584
1497974104070430720
1497975959391137792
1497976085404782592
1497977686794326016
1497979301006049280
1497982527143030784
1497982664351305728
1497982731825053696
1497983493271584768
1497984199021805568
1497985414501580800
1497988160693084160
1497990814684925952
1497990975498895360
1497991516316307456
1497991705110499328
1497991880277172224
1497993092921630720
1497993304809648128
1497993655847886848
1497994368539631616
1497995090933030912
1497996642179559424
1497999608634503168
1498000067160338432
1498000119811223552
1498001995923279872
1498003064329883648
1498004070119866368
1498005359495041024
1498005473018011648
1498005624273399808
1498006800083263488
1498007528252198912
1498007975612534784
1498008400751329280
1498010187759636480
1498011289385267200
1498012872546398208
1498012886786052096
1498013844550995968
1498014149527621632
1498015370204098560
1498016317445910528
1498018415369412608
1498019929378934784
1498021842514178048
1498022841182298112
1498022897574498304
1498022990415638528
1498027908085923840
1498031326980624384
1498031419687378944
1498032511825620992
1498034683963133952
1498036018682884096
1498036536972963840
1498037343898714112
1498037437133582336
1498037996863430656
1498038033316077568
1498038868133785600
1498041049230495744
1498041197218054144
1498042273753305088
1498044012028207104
1498045830913159168
1498046081820934144
1498052827780108288
1498053639524720640
1498055528697954304
1498060399421370368
1498060713335549952
1498064776706109440
1498065157595017216
1498068071512170496
1498068510219681792
1498070813429301248
1498074911150989312
1498076037023879168
1498083620828950528
1498084677000712192
1498097570014445568
1498100377098473472
1488409670985342976
1488519264965632000
1488722144221556736
1489343495735234560
1489661265320550400
1489767250919895040
1490615262160248832
1491182567336587264
1492175015143518208
1492175037234925568
1492204013621813248
1492225973516914688
1492364613702524928
1492474008528629760
1492476211523588096
1492566125019897856
1492570037919838208
1492570553630212096
1492571248026660864
1492580741087219712
1492589116915019776
1492661661936799744
1492664912442580992
1492766154473054208
1492786883218358272
1492817980819976192
1492896456981856256
1493175599199784960
1493350011345772544
1493536723330027520
1493858617459625984
1493908893424103424
1493919032382267392
1493919314080153600
1493979450182144000
1494269220409982976
1494377039997984768
1494377411491753984
1494400886709403648
1494794781335207936
1494847268511367168
1494856965218050048
1495120915042123776
1495155669258883072
1495175471637700608
1495215546035748864
1495293280593924096
1495452598396149760
1495534678274555904
1495663466278969344
1495806239896485888
1495851714242560000
1495865661125722112
1495867383613124608
1495887162776109056
1495889883747033088
1495898211495600128
1495907110537895936
1495918720136396800
1495925013232369664
1495972179665891328
1495986160409378816
1495988539158368256
1495996005317509120
1496012293498363904
1496026662475075584
1496046476354793472
1496049093025857536
1496049143273377792
1496049193001320448
1496051600904839168
1496060349942013952
1496062724152958976
1496064532803829760
1496068987905798144
1496072442879610880
1496074818696925184
1496081005463339008
1496084698786934784
1496086633082667008
1496103735885455360
1496113580793606144
1496131723062620160
1496135551321354240
1496142108163461120
1496151227276709888
1496154252703531008
1496165077543981056
1496188992760520704
1496209394748600320
1496235532548186112
1496236943105208320
1496238563251429376
1496258544932630528
1496288799458197504
1496306139809595392
1496320495842639872
1496324136397942784
1496327506034630656
1496329407568691200
1496329896834236416
1496330601116454912
1496331599939620864
1496359637741981696
1496363901931380736
1496371566317387776
1496381643900211200
1496387209892855808
1496392333478498304
1496394655218479104
1496396095655718912
1496407658697756672
1496408197590298624
1496410073291423744
1496416302717870080
1496459002372407296
1496463864954769408
1496470816455901184
1496483013445705728
1496522991592693760
1496535535061508096
1496544255921504256
1496569745574879232
1496571974688153600
1496575399794737152
1496619643313688576
1496632250657832960
1496648863008313344
1496664678839242752
1496668330039869440
1496668505663582208
1496676949955166208
1496678684153249792
1496681404100485120
1496682822739771392
1496685782861500416
1496689637049393152
1496691985557696512
1496692656843333632
1496695101921185792
1496696955782717440
1496700833832054784
1496702545485565952
1496706354890690560
1496707586900566016
1496708526839787520
1496708616849661952
1496708718305562624
1496709382817546240
1496709800490536960
1496709853032730624
1496710370009878528
1496710636532809728
1496713925836124160
1496717804514398208
1496718025940160512
1496718043178803200
1496718397358616576
1496718578942636032
1496720644691615744
1496722584284680192
1496722839491293184
1496723130949115904
1496723399208751104
1496723928747847680
1496724089167556608
1496725099143397376
1496725654196273152
1496728268266950656
1496728560882819072
1496729329950023680
1496729351592693760
1496729917211381760
1496730853291876352
1496731207735734272
1496732097205227520
1496732291158077440
1496732329766633472
1496733007578869760
1496733387993747456
1496734535907778560
1496734637699260416
1496737792033890304
1496738090198601728
1496738369329586176
1496738514397843456
1496739757434368000
1496739942885646336
1496740209119137792
1496740633934905344
1496741665276579840
1496743043457683456
1496743460459716608
1496744951798976512
1496744975605768192
1496746031471476736
1496746172098093056
1496746363173826560
1496746618225414144
1496747213145391104
1496748499316129792
1496750007055118336
1496752744052318208
1496753880088023040
1496755090442629120
1496755433977094144
1496755787141726208
1496758698454269952
1496760890594627584
1496761302425178112
1496761335421730816
1496764039900192768
1496765280227590144
1496765771447300096
1496766204471562240
1496766781737869312
1496766976223371264
1496767796910309376
1496768122254245888
1496768445840445440
1496769025375879168
1496769307082174464
1496769393568616448
1496769406218563584
1496771390590099456
1496772500721651712
1496773764373090304
1496774484254248960
1496774833039941632
1496775193884246016
1496775703966195712
1496776869244387328
1496777224468328448
1496777396317425664
1496779013993508864
1496779727763386368
1496780234439462912
1496781184373866496
1496781371947163648
1496781878434619392
1496781918154608640
1496783377239838720
1496784195493842944
1496784537229082624
1496784687355752448
1496784937881587712
1496785423082815488
1496785570529427456
1496785867838480384
1496786129038843904
1496786531888951296
1496786880263856128
1496787035264368640
1496788487047163904
1496790625454157824
1496792017803919360
1496792360218349568
1496792959655636992
1496794206341414912
1496794277942288384
1496795053791997952
1496795749237018624
1496796239135977472
1496797540427075584
1496797622912237568
1496797853699788800
1496797899933560832
1496798509583851520
1496798588692692992
1496798596208869376
1496799324793098240
1496799892269764608
1496800228074164224
1496800250245390336
1496800272714133504
1496800678869667840
1496800902983806976
1496800991638921216
1496801115412779008
1496801140695920640
1496801492128436224
1496801544884436992
1496801866650472448
1496803450473959424
1496804035281956864
1496804084371705856
1496804458222821376
1496804693112242176
1496805290431619072
1496805469960253440
1496805556736172032
1496805965550825472
1496806222930092032
1496806973425127424
1496806995546066944
1496807170586910720
1496807204019654656
1496807427505004544
1496807432785436672
1496807739359739904
1496808060001857536
1496808167543644160
1496808477867581440
1496808590593695744
1496809595385401344
1496810942264455168
1496812187632881664
1496815258308124672
1496816940844728320
1496817728459444224
1496817878833643520
1496823626666250240
1496823789686071296
1496824385776549888
1496825981163962368
1496827070122721280
1496828717674516480
1496829723422621696
1496830181201575936
1496830349401284608
1496830721763287040
1496831245359009792
1496831616156454912
1496832790914121728
1496833065590550528
1496833158268207104
1496838207773806592
1496839420758028288
1496840129671233536
1496842265284677632
1496842789660741632
1496843728719597568
1496847695444590592
1496848653046239232
1496852114487742464
1496853889663918080
1496856734346149888
1496857923263336448
1496858312041631744
1496858801982504960
1496860345310547968
1496864447935258624
1496864931227922432
1496866310554275840
1496866973862580224
1496868613134839808
1496870525368696832
1496871314472067072
1496871516767932416
1496871618588688384
1496872327019220992
1496872785905270784
1496876969476395008
1496877938721148928
1496878080631373824
1496878438623625216
1496880338337173504
1496882539600166912
1496883854992416768
1496885976446103552
1496886149754748928
1496886271687348224
1496888699598290944
1496889115777781760
1496890443191123968
1496892931948818432
1496895110616915968
1496895187712614400
1496895709341433856
1496896674957967360
1496896680075137024
1496898152712097792
1496899786116853760
1496900918155309056
1496901219130155008
1496902642710515712
1496903266994561024
1496906245202415616
1496906441378000896
1496907169605636096
1496907391992008704
1496907856670789632
1496909227096522752
1496911300051488768
1496912466093424640
1496913475666604032
1496913695057666048
1496914056409751552
1496914076559351808
1496915283054710784
1496915451129085952
1496915535388299264
1496915637926432768
1496916063371546624
1496916529236963328
1496916624389341184
1496916690030178304
1496917547874402304
1496918091342974976
1496918413666840576
1496918415604600832
1496918493421535232
1496919506966683648
1496920358586580992
1496920552866521088
1496922930042720256
1496924168134467584
1496925407366504448
1496925944808091648
1496927692553596928
1496928176697933824
1496928314489188352
1496929518161911808
1496930536090132480
1496930711223222272
1496931430194200576
1496931994638622720
1496932572923846656
1496934484314566656
1496937991973261312
1496938632606797824
1496941874963423232
1496943867454623744
1496943917454921728
1496944740348084224
1496945997917917184
1496946056294240256
1496946752947208192
1496947387235209216
1496950508774379520
1496950680845950976
1496952793638354944
1496953856932073472
1496954705678843904
1496955338574249984
1496955591801069568
1496957367073845248
1496957659043426304
1496959894825619456
1496969994965504000
1496971371703853056
1496971424191365120
1496971610636812288
1496978813112045568
1496984510457651200
1496988456350023680
1496990044531216384
1496991194760749056
1496991533622509568
